3.48726
3.1993825
3.8595775
4.03659
3.470245
3.82226125
3.8103275
3.79200875
3.8897425
3.74725125
3.74638
3.4980525
3.51231125
3.17267125
3.819825
3.5626575
1.75
3.8198625
3.201665
4.15211
3.3881575
3.90203875
3.720435
3.95656125
2.92388125
4.07622375
3.829685
4.19332625
3.75273875
3.3469725
4.00990875
4.0578175
3.189745
3.859005
3.907365
3.4894
3.87377875
3.79642875
3.5325975
3.7672925
3.56057
3.2749175
3.87213
4.13245
4.08784375
3.7842175
3.56334875
3.19035875
4.134785
3.68655125
3.75
3.77988125
3.81074625
3.58134125
4.08261625
3.38664625
3.739065
3.71204
3.50788
3.230185
3.8934575
3.25382625
3.47098625
3.72779625
3.43018
3.2015625
4.112995
3.819255
3.64927875
3.36963125
3.20514625
3.83544125
3.8168325
3.470125
3.48765375
3.8875
3.0616325
3.7071275
3.8583125
3.8242225
3.51887875
3.81555375
3.78981125
3.7809325
3.80238
3.69057375
3.6280975
3.8469575
3.2611025
3.502525
3.57808625
3.38348875
3.81102375
3.7173225
3.81264125
4.04149875
3.85794375
3.84235
3.8068675
3.483
3.66396125
3.43789875
3.509765
3.45413625
3.4726875
3.9313975
3.83695625
3.7737525
3.78683375
3.71524
3.77479625
3.2355125
3.75106
3.45810875
3.26386875
3.53859375
3.52864625
2.453525
3.646485
3.278145
3.70128125
3.21351875
3.69593
3.56742125
3.6597525
3.669575
3.82651875
3.84988625
3.510885
3.59487125
3.7721975
3.05484625
3.55877
3.62313375
3.6648825
3.45774125
3.5725325
3.22255125
3.71021
3.98150875
3.2200025
4.04511375
3.2908625
3.0
3.469105
3.79261375
3.54161875
3.27872875
4.00287125
3.4765625
3.767395
3.80532875
3.81609875
3.5594625
3.77078
3.73264625
4.16314375
3.85262375
3.52898375
3.18171875
4.02561375
3.66121
3.66983875
3.3327375
2.9767175
3.63717
3.78390375
3.75706625
3.51316625
3.54566625
3.98867
3.134015
3.5598175
3.77698125
4.03507875
4.0665425
4.0796575
3.6659675
3.51267625
3.76520125
3.78582625
3.55448375
3.73261
3.39399375
3.9645125
3.64088
3.81153125
3.53032
3.4951175
3.21698
3.52975125
3.75743375
3.72112875
3.7500675
3.8158925
3.81722625
3.98499
3.80909625
3.5393425
3.44721875
3.42557125
3.8598525
3.0939625
3.90288
3.51208
3.58224375
3.722855
3.7441925
3.27728125
3.6706875
3.554385
4.02164625
4.055555
3.93571875
3.82323125
3.85858375
3.83512375
3.76024875
3.50994
3.64563875
3.57024125
3.749825
3.53507375
3.70361375
3.29200875
3.431235
3.17731625
3.1172025
3.687705
3.85282
3.91399375
3.4687425
3.69748125
3.821615
3.70354125
3.40463
3.768735
3.4410525
3.48379875
3.48586375
2.9686275
3.3351275
3.5036425
3.7878175
3.72626125
3.7710675
3.29552875
3.52756375
4.0391875
1.625
3.72626125
3.2710675
4.04552875
3.52756375
3.7891875
3.375
3.97626125
3.0210675
4.04552875
3.77756375
4.0391875
3.375
3.47626125
4.0210675
3.97626125
3.2710675
3.79552875
4.02756375
2.0391875
3.375
3.22626125
4.0210675
3.54552875
3.77756375
3.7891875
2.875
3.48726
3.1993825
3.8595775
4.03659
3.470245
3.82226125
3.8103275
3.79200875
3.8897425
3.74725125
3.74638
3.4980525
3.51231125
3.17267125
3.819825
3.5626575
1.75
3.8198625
3.201665
4.15211
3.3881575
3.90203875
3.720435
3.95656125
2.92388125
4.07622375
3.829685
4.19332625
3.75273875
3.3469725
4.00990875
4.0578175
3.189745
3.859005
3.907365
3.4894
3.87377875
3.79642875
3.5325975
3.7672925
3.56057
3.2749175
3.87213
4.13245
4.08784375
3.7842175
3.56334875
3.19035875
4.134785
3.68655125
3.75
3.77988125
3.81074625
3.58134125
4.08261625
3.38664625
3.739065
3.71204
3.50788
3.230185
3.8934575
3.25382625
3.47098625
3.72779625
3.43018
3.2015625
4.112995
3.819255
3.64927875
3.36963125
3.20514625
3.83544125
3.8168325
3.470125
3.48765375
3.8875
3.0616325
3.7071275
3.8583125
3.8242225
3.51887875
3.81555375
3.78981125
3.7809325
3.80238
3.69057375
3.6280975
3.8469575
3.2611025
3.502525
3.57808625
3.38348875
3.81102375
3.7173225
3.81264125
4.04149875
3.85794375
3.84235
3.8068675
3.483
3.66396125
3.43789875
3.509765
3.45413625
3.4726875
3.9313975
3.83695625
3.7737525
3.78683375
3.71524
3.77479625
3.2355125
3.75106
3.45810875
3.26386875
3.53859375
3.52864625
2.453525
3.646485
3.278145
3.70128125
3.21351875
3.69593
3.56742125
3.6597525
3.669575
3.82651875
3.84988625
3.510885
3.59487125
3.7721975
3.05484625
3.55877
3.62313375
3.6648825
3.45774125
3.5725325
3.22255125
3.71021
3.98150875
3.2200025
4.04511375
3.2908625
3.0
3.469105
3.79261375
3.54161875
3.27872875
4.00287125
3.4765625
3.767395
3.80532875
3.81609875
3.5594625
3.77078
3.73264625
4.16314375
3.85262375
3.52898375
3.18171875
4.02561375
3.66121
3.66983875
3.3327375
2.9767175
3.63717
3.78390375
3.75706625
3.51316625
3.54566625
3.98867
3.134015
3.5598175
3.77698125
4.03507875
4.0665425
4.0796575
3.6659675
3.51267625
3.76520125
3.78582625
3.55448375
3.73261
3.39399375
3.9645125
3.64088
3.81153125
3.53032
3.4951175
3.21698
3.52975125
3.75743375
3.72112875
3.7500675
3.8158925
3.81722625
3.98499
3.80909625
3.5393425
3.44721875
3.42557125
3.8598525
3.0939625
3.90288
3.51208
3.58224375
3.722855
3.7441925
3.27728125
3.6706875
3.554385
4.02164625
4.055555
3.93571875
3.82323125
3.85858375
3.83512375
3.76024875
3.50994
3.64563875
3.57024125
3.749825
3.53507375
3.70361375
3.29200875
3.431235
3.17731625
3.1172025
3.687705
3.85282
3.91399375
3.4687425
3.69748125
3.821615
3.70354125
3.40463
3.768735
3.4410525
3.48379875
3.48586375
2.9686275
3.3351275
3.5036425
3.7878175
3.72626125
3.7710675
3.29552875
3.52756375
4.0391875
1.625
3.72626125
3.2710675
4.04552875
3.52756375
3.7891875
3.375
3.97626125
3.0210675
4.04552875
3.77756375
4.0391875
3.375
3.47626125
4.0210675
3.97626125
3.2710675
3.79552875
4.02756375
2.0391875
3.375
3.22626125
4.0210675
3.54552875
3.77756375
3.7891875
2.875
