
[37.76376,-122.47748],
[37.7698728272,-122.422156333],
[37.7927224143,-122.393126599],
[37.7934060315,-122.422744363],
[37.7632904053,-122.477745056],
[37.79387,-122.39925],
[37.810309483,-122.410756946],
[37.7728691101,-122.416229248],
[37.78143,-122.46186],
[37.7839351291,-122.403370142],
[37.7882573288,-122.401706778],
[37.7848977064,-122.403850746],
[37.7564163208,-122.42137146],
[37.7731018066,-122.411277771],
[37.7950706482,-122.401824951],
[37.8077766329,-122.418439027],
[37.7943215257,-122.406320572],
[37.800862,-122.459043],
[37.78624,-122.45318],
[37.7615847676,-122.425715337],
[37.787621,-122.452734],
[37.79092,-122.39321],
[37.76376,-122.47748],
[37.7755582809,-122.39338697],
[37.7897707496,-122.403701301],
[37.789806366,-122.401763916],
[37.7615847676,-122.425715337],