[37.7724609,-122.4165268],
[37.8108359747,-122.411076227],
[37.7865549,-122.395089],
[37.8043546701,-122.421426773],
[37.7411842346,-122.425041199],
[37.7669237221,-122.466648817],
[37.806652,-122.439116],
[37.768204378,-122.466959953],
[37.80836836,-122.471343688],
[37.739,-122.48294],
[37.75276,-122.41338],
[37.7936084569,-122.393543869],
[37.78574,-122.40255],
[37.7920450263,-122.405247136],
[37.7980517935,-122.41288662],
[37.769816,-122.466041],
[37.8026313782,-122.454650879],
[37.784927,-122.500802],
[37.77757,-122.42407],
[37.8059352974,-122.452283724],
[37.781669,-122.394462],
[37.7969398,-122.3994827],
[37.7916357456,-122.403691573],
[37.756465616,-122.461509705],
[37.78643,-122.40152],
[37.8108298027,-122.417876787],
[37.8028398116,-122.417910577],
[37.7812980238,-122.503159046],
[37.7894251122,-122.387841042],
[37.74997,-122.42138],
[37.7928369,-122.423544],
[37.780077,-122.510029],
[37.7701518685,-122.398797646],
[37.7763457776,-122.434719801],
[37.7731018066,-122.411277771],
[37.71804,-122.41413],
[37.8098502999,-122.422325878],
[37.7932735,-122.4012213],
[37.7891276,-122.4029268],
[37.7811510761,-122.406365051],
[37.7848389899,-122.403624148],
[37.785944,-122.403802],
[37.8063245,-122.4239816],
[37.756377,-122.470933],
[37.7686793176,-122.475618124],
[37.78374,-122.433005],
[37.7690887,-122.4383392],
[37.7948013693,-122.40567416],
[37.7650262858,-122.418006957],
[37.7877664572,-122.412939659],
[37.817272,-122.370666],
[37.7543144481,-122.409359223],
[37.7830597444,-122.417336797],
[37.802280426,-122.405845642],
[37.777786,-122.511097],
[37.7788276672,-122.394065857],
[37.7710762024,-122.413414001],
[37.73511602,-122.439943627],
[37.759462595,-122.389464229],
[37.7866113,-122.4032581],
[37.8019507974,-122.419665903],
[37.8083445132,-122.415130958],
[37.7249720088,-122.444320009],
[37.7416,-122.45924],
[37.79779,-122.42743],
[37.7973404,-122.4186783],
[37.780077,-122.510029],
[37.77685,-122.42221],
[37.7731018066,-122.411277771],
[37.78573,-122.42956],
[37.7815814,-122.4108475],
[37.759764,-122.427052],
[37.7432657659,-122.414903641],
[37.7720775242,-122.445748115],
[37.8014766916,-122.398552895],
[37.7642690469,-122.438335419],
[37.7748759595,-122.437956662],
[37.809945,-122.416455],
[37.7692198008,-122.508269995],
[37.7180747986,-122.462722778],
[37.7837949246,-122.41407685],
[37.770518,-122.479878],
[37.8075606376,-122.420573831],
[37.75082,-122.46898],
[37.7913371759,-122.390012741],
[37.7877464,-122.4039383],
[37.79742,-122.42759],
[37.7143297344,-122.449589297],
[37.7832717896,-122.477973938],
[37.7827904165,-122.435116768],
[37.797305755,-122.435245514],
[37.7340302255,-122.439818298],
[37.7521564122,-122.447519302],
[37.8073766387,-122.431125641],
[37.7974822372,-122.418650687],
[37.7960579842,-122.398903593],
[37.7824636932,-122.392651699],
[37.7586961538,-122.446477264],
[37.7689846343,-122.490262985],
[37.7892737259,-122.405591254],
[37.80047,-122.40731],
[37.7466087341,-122.468276978],
[37.752654,-122.4181915],
[37.7707147385,-122.461466789],
[37.7463960779,-122.438257777],
[37.7708282471,-122.390716553],
[37.798122,-122.418579],
[37.800862,-122.459043],
[37.7979301661,-122.413710058],
[37.734052,-122.4223233],
[37.7902966074,-122.43749422],
[37.7510199,-122.43848],
[37.7915115,-122.3964691],
[37.7982299,-122.40615],
[37.8062423441,-122.428887003],
[37.8066101,-122.4196777],
[37.7506130876,-122.498127702],
[37.786063,-122.405316],
[37.8097593784,-122.476327568],
[37.7774216111,-122.407023962],
[37.7605343157,-122.457743354],
[37.7828298816,-122.4448657],
[37.7683570375,-122.457175255],
[37.7960447769,-122.40999206],
[37.7579189398,-122.439813774],
[37.7595249563,-122.404070199],
[37.7431639584,-122.414216995],
[37.7899538529,-122.411338985],
[37.7786412146,-122.392781787],
[37.7940216,-122.4047012],
[37.713768,-122.499361],
[37.7411804,-122.4250412],
[37.7902966074,-122.43749422],
[37.76601,-122.44969],
[37.8048834712,-122.408157739],
[37.7877202,-122.4136277],
[37.7518498152,-122.40422979],
[37.7127338201,-122.431617156],
[37.80666,-122.42055],
[37.7847485,-122.3878941],
[37.7641503052,-122.420289516],
[37.789338,-122.398127],
[37.7795003289,-122.41758585],
[37.76503,-122.3987],
[37.7540374766,-122.400260798],
[37.7652326194,-122.439369238],
[37.8079755309,-122.41428282],
[37.7817745534,-122.425714988],
[37.8054691,-122.4687185],
[37.7404829777,-122.434515953],
[37.7934603643,-122.391741934],
[37.7848643788,-122.402581933],
[37.79171,-122.41172],
[37.8066279497,-122.432121163],
[37.8092414665,-122.415847778],
[37.7974891663,-122.42339325],
[37.7727125268,-122.457988279],
[37.7916042474,-122.427656422],
[37.7428872138,-122.48016648],
[37.7763444185,-122.389851138],
[37.7357320642,-122.463708],
[37.75421,-122.38597],
[37.8002066489,-122.410401778],
[37.757043913,-122.388037294],
[37.78729,-122.41014],
[37.8082294979,-122.424334488],
[37.73669,-122.45393],
[37.7352599,-122.48412],
[37.7878614192,-122.407629377],
[37.793766,-122.408851],
[37.7854003906,-122.440917969],
[37.7417995781,-122.465436459],
[37.79488,-122.41192],
[37.7931947261,-122.402694225],
[37.8305225961,-122.506957054],
[37.7882957,-122.4735497],
[37.79589,-122.4005],
[37.7796308,-122.4165973],
[37.7426300795,-122.428580589],
[37.7557577938,-122.397797182],
[37.77437,-122.39166],
[37.7264197916,-122.501614094],
[37.7382879,-122.4980761],
[37.7972294552,-122.399175167],
[37.7909708881,-122.438121539],
[37.7943094,-122.4033299],
[37.8009002347,-122.45850563],
[37.7179379761,-122.466411442],
[37.7606506,-122.4356537],
[37.80796,-122.41546],
[37.7478298545,-122.438140288],
[37.75432383,-122.41363796],
[37.7710135281,-122.468233332],
[37.709762871,-122.381768059],
[37.8357312643,-122.476688414],
[37.7643547058,-122.427490234],
[37.758540287,-122.46382221],
[37.8012594581,-122.433103099],
[37.786787,-122.401545],
[37.771705,-122.470069],
[37.787682,-122.433853],
[37.7369279833,-122.42025733],
[37.805193,-122.432242],
[37.78868258,-122.449771017],
[37.7734545936,-122.427339021],
[37.7717064206,-122.457346916],
[37.7951583862,-122.402732849],
[37.7697686,-122.4120492],
[37.7650335784,-122.409407574],
[37.7598609924,-122.448249817],
[37.7831199,-122.40228],
[37.8013317306,-122.455906469],
[37.7542496,-122.4387817],
[37.7711372375,-122.46913147],
[37.8078885376,-122.414005101],
[37.7623455918,-122.397163],
[37.803195,-122.405877],
[37.7182645351,-122.394607365],
[37.7670190071,-122.422015408],
[37.7816223353,-122.402685508],
[37.7848389899,-122.403624148],
[37.768155663,-122.500522685],
[37.797547,-122.4589239],
[37.7696105177,-122.448901621],
[37.7522508175,-122.42045136],
[37.7383024883,-122.373265028],
[37.8013881,-122.3975432],
[37.7515,-122.43501],
[37.773129791,-122.471779883],
[37.79449,-122.41783],
[37.7528706425,-122.408182648],
[37.7960001695,-122.396857738],
[37.7851932326,-122.395763062],
[37.810623104,-122.424570322],
[37.7934951782,-122.407150269],
[37.79554,-122.40848],
[37.778830422,-122.457647324],
[37.7889545652,-122.399093095],
[37.7408628166,-122.432962954],
[37.7691924753,-122.43356711],
[37.78899,-122.408844],
[37.76174,-122.41735],
[37.7720399,-122.43688],
[37.7501628964,-122.412296534],
[37.7689118357,-122.473986556],
[37.75895,-122.44218],
[37.7467650175,-122.412720323],
[37.771089,-122.468382],
[37.79142,-122.4026],
[37.76376,-122.47748],
[37.7698728272,-122.422156333],
[37.7927224143,-122.393126599],
[37.7934060315,-122.422744363],
[37.7632904053,-122.477745056],
[37.79387,-122.39925],
[37.810309483,-122.410756946],
[37.7728691101,-122.416229248],
[37.78143,-122.46186],
[37.7839351291,-122.403370142],
[37.7882573288,-122.401706778],
[37.7848977064,-122.403850746],
[37.7564163208,-122.42137146],
[37.7731018066,-122.411277771],
[37.7950706482,-122.401824951],
[37.8077766329,-122.418439027],
[37.7943215257,-122.406320572],
[37.800862,-122.459043],
[37.78624,-122.45318],
[37.7615847676,-122.425715337],
[37.787621,-122.452734],
[37.79092,-122.39321],
[37.76376,-122.47748],
[37.7755582809,-122.39338697],
[37.7897707496,-122.403701301],
[37.789806366,-122.401763916],
[37.7615847676,-122.425715337]
