1030 0900
1030 0900
0730 0600
0730 0600
0730 0600
0730 0600
0730 0600
0730 0600
1030 0900
1030 0900
0730 0600
0730 0600
0730 0600
0730 0600
0730 0600
0730 0600
1130 1145 
1000 0500
1100 0730
1000 0500
1100 0600
24 hours
24 hours
24 hours
24 hours
24 hours
1030 0900
1030 0900
1130 0230
24 hours
1130 0300
1130 0300
1130 0300
1130 0300
24 hours
24 hours
0900 0500
24 hours
24 hours
24 hours
24 hours
24 hours
24 hours
24 hours
24 hours
24 hours
1000 0600
0420 0100 
1100 1100
1100 0500
24 hours
1000 0500
1000 0500
0530 1000 
24 hours
24 hours
0900 0500
24 hours
24 hours
1130 0230
0700 0500
1000 0500
1000 0500
1030 0300
0600 0230
0600 0230
24 hours
0500 1100
24 hours
0700 0400
24 hours
24 hours
24 hours
24 hours
24 hours
0700 0600
0930 0530
1000 0500
1000 0500
24 hours
24 hours
24 hours
1000 0500
1000 0500
1000 1000
1000 1000
1000 1000
1000 1000
24 hours
24 hours
1130 1030
1130 1030
24 hours
24 hours
24 hours
24 hours
24 hours
24 hours
1100 1000
1100 1000
24 hours
24 hours
800 0300
24 hours
1130 1000 
24 hours
24 hours
400 1000 
400 1000 
400 1000 
1000 0300
24 hours
0600 1000
24 hours
0530 1030 
24 hours
24 hours
24 hours
1000 0500
24 hours
0600 1000
0600 1000
1000 0700
1000 0700
1000 0700
1000 0700
1100 0500
1100 0500
24 hours
24 hours
0930 0900
24 hours
24 hours
0600 1000
24 hours
0700 1130
0500 1100 
0900 1000
24 hours
24 hours
24 hours
24 hours
24 hours
24 hours
1100 1000
24 hours
24 hours
24 hours
800 0500
24 hours
24 hours
0600 1000
0600 1100
24 hours
0500 1000
0500 1000
24 hours
24 hours
24 hours
24 hours
0600 1000
0600 0830
0600 0830
0600 0830
0500 0200
24 hours
24 hours
24 hours
24 hours
24 hours
24 hours
24 hours
1100 0600
1000 400
0530 0945
0530 0945
24 hours
1000 1130
1000 0500
24 hours
24 hours
1000 0600
0900 0500
0900 0500
0900 0500
24 hours
1000 0500
1000 0500
24 hours
24 hours
1000 0500
1000 0500
24 hours
24 hours
1000 400
1000 400
1000 400
1100 0600
1100 0600
24 hours
24 hours
24 hours
24 hours
24 hours
0900 430
0900 430
24 hours
1100 0500
24 hours
1130 0930
1130 0930
1130 0930
24 hours
24 hours
24 hours
0700 0530
1100 0300
24 hours
24 hours
24 hours
24 hours
24 hours
24 hours
24 hours
1130 1100
24 hours
24 hours
24 hours
1000 400
1100 1100
24 hours
24 hours
1100 1000
1100 1000
1100 1000
1000 0500
1100 0930
1100 0930
24 hours
24 hours
24 hours
1000 1159 
1000 1159 
24 hours
0700 0600
24 hours
24 hours
24 hours
0700 0800
0900 0500
1000 0930
1100 1100
24 hours
24 hours
24 hours
0700 1000
0700 1000
24 hours
1000 1000
1000 1000
1000 1000
1000 1000
1000 1000
1000 1000
1000 1000
1000 1000
1000 1000
1000 1000
0600 1000 
0500 830
0530 830
0500 1100
24 hours
0500 1000
0500 0830
0500 1000 
