0.189808

0.159506

0.287662

0.229272

0.176196

0.257809

0.248262

0.233607

0.311794

0.197801

0.197104

0.198442

0.209849

0.138137

0.255860

0.250126

0.000000

0.255890

0.161332

0.321688

0.110526

0.321631

0.176348

0.165249

0.139105

0.260979

0.263748

0.354661

0.202191

0.077578

0.207927

0.246254

0.151796

0.287204

0.125892

0.191520

0.099023

0.237143

0.226078

0.213834

0.248456

0.219934

0.297704

0.305960

0.270275

0.227374

0.250679

0.152287

0.307828

0.149241

0.000000

0.223905

0.248597

0.265073

0.266093

0.109317

0.191252

0.169632

0.206304

0.184148

0.314766

0.203061

0.176789

0.182237

0.144144

0.161250

0.290396

0.255404

0.119423

0.095705

0.164117

0.268353

0.253466

0.176100

0.190123

0.310000

0.049306

0.165702

0.286650

0.259378

0.215103

0.252443

0.231849

0.224746

0.241904

0.152459

0.102478

0.277566

0.208882

0.202020

0.262469

0.106791

0.248819

0.173858

0.250113

0.233199

0.286355

0.273880

0.245494

0.186400

0.331169

0.150319

0.207812

0.163309

0.178150

0.145118

0.269565

0.219002

0.229467

0.172192

0.219837

0.188410

0.200848

0.166487

0.211095

0.230875

0.222917

0.162820

0.117188

0.222516

0.161025

0.170815

0.156744

0.253937

0.127802

0.135660

0.261215

0.279909

0.208708

0.075897

0.017758

0.243877

0.047016

0.298507

0.131906

0.166193

0.258026

0.178041

0.168168

0.185207

0.176002

0.236091

0.232690

0.000000

0.175284

0.234091

0.233295

0.222983

0.202297

0.181250

0.213916

0.244263

0.252879

0.247570

0.216624

0.186117

0.330515

0.282099

0.223187

0.145375

0.220491

0.328968

0.135871

0.266190

0.181374

0.109736

0.227123

0.205653

0.210533

0.236533

0.190936

0.107212

0.047854

0.221585

0.228063

0.253234

0.263726

0.132774

0.210141

0.212161

0.228661

0.243587

0.186088

0.115195

0.171610

0.312704

0.249225

0.224256

0.196094

0.173584

0.223801

0.205947

0.176903

0.200054

0.252714

0.253781

0.187992

0.247277

0.231474

0.157775

0.140457

0.287882

0.275170

0.122304

0.209664

0.265795

0.178284

0.195354

0.221825

0.136550

0.243508

0.217317

0.244444

0.348575

0.258585

0.286867

0.268099

0.208199

0.207952

0.116511

0.256193

0.199860

0.228059

0.162891

0.233607

0.144988

0.141853

0.093762

0.150164

0.282256

0.131195

0.174994

0.157985

0.257292

0.162833

0.123704

0.214988

0.152842

0.187039

0.188691

0.174902

0.268102

0.202914

0.230254

0.181009

0.216854

0.236423

0.222051

0.231350

-0.100000

0.181009

0.216854

0.236423

0.222051

0.231350

-0.100000

0.181009

0.216854

0.236423

0.222051

0.231350

-0.100000

0.181009

0.216854

0.181009

0.216854

0.236423

0.222051

0.231350

-0.100000

0.181009

0.216854

0.236423

0.222051

0.231350

-0.100000

0.181009

-0.556